<!DOCTYPE html>
<html lang="en">
<head>
    <meta charset="UTF-8">
    <meta http-equiv="X-UA-Compatible" content="IE=edge">
    <meta name="viewport" content="width=device-width, initial-scale=1.0">
    <script src="scripts/"></script>
    <title>Map</title>
</head>
<body>

        <!-- Иконка карты  через animate-->
        <svg id="map" width="70" height="70" viewBox="0 0 24 24" fill="none" xmlns="http://www.w3.org/2000/svg">
            <path d="M15.375 6.00011V21.7501M8.625 2.25011V18.0001M14.6845 5.84261L9.31547 2.40761C9.1019 2.30093 8.86595 2.24677 8.62723 2.24962C8.38852 2.25247 8.15393 2.31226 7.94297 2.42402L2.64891 5.97621C2.52846 6.04001 2.42769 6.13543 2.3574 6.25222C2.28712 6.369 2.24999 6.50272 2.25 6.63902V20.5046C2.24999 20.634 2.28343 20.7611 2.34707 20.8737C2.41071 20.9863 2.50239 21.0806 2.6132 21.1473C2.72402 21.214 2.8502 21.2509 2.97949 21.2544C3.10879 21.258 3.2368 21.228 3.35109 21.1675L7.93641 18.1773C8.14909 18.0646 8.38576 18.0048 8.62644 18.0028C8.86712 18.0009 9.10473 18.0569 9.31922 18.1661L14.5627 21.5879C14.7753 21.6963 15.0107 21.7523 15.2493 21.7514C15.4879 21.7505 15.7229 21.6927 15.9347 21.5828L21.3455 18.0231C21.4674 17.9598 21.5696 17.8643 21.6409 17.7469C21.7123 17.6295 21.75 17.4948 21.75 17.3575V3.49558C21.75 3.36624 21.7166 3.23909 21.6529 3.12649C21.5893 3.01389 21.4976 2.91966 21.3868 2.85295C21.276 2.78625 21.1498 2.74933 21.0205 2.7458C20.8912 2.74226 20.7632 2.77222 20.6489 2.83277L16.0552 5.82621C15.8444 5.93766 15.6102 5.99728 15.3718 6.00013C15.1335 6.00298 14.8979 5.94899 14.6845 5.84261Z" stroke="#303030" stroke-linecap="round" stroke-linejoin="round">
                <animate
                    attributeName="d"
                    values="M15.375 6.00011V21.7501M8.625 2.25011V18.0001M14.6845 5.84261L9.31547 2.40761C9.1019 2.30093 8.86595 2.24677 8.62723 2.24962C8.38852 2.25247 8.15393 2.31226 7.94297 2.42402L2.64891 5.97621C2.52846 6.04001 2.42769 6.13543 2.3574 6.25222C2.28712 6.369 2.24999 6.50272 2.25 6.63902V20.5046C2.24999 20.634 2.28343 20.7611 2.34707 20.8737C2.41071 20.9863 2.50239 21.0806 2.6132 21.1473C2.72402 21.214 2.8502 21.2509 2.97949 21.2544C3.10879 21.258 3.2368 21.228 3.35109 21.1675L7.93641 18.1773C8.14909 18.0646 8.38576 18.0048 8.62644 18.0028C8.86712 18.0009 9.10473 18.0569 9.31922 18.1661L14.5627 21.5879C14.7753 21.6963 15.0107 21.7523 15.2493 21.7514C15.4879 21.7505 15.7229 21.6927 15.9347 21.5828L21.3455 18.0231C21.4674 17.9598 21.5696 17.8643 21.6409 17.7469C21.7123 17.6295 21.75 17.4948 21.75 17.3575V3.49558C21.75 3.36624 21.7166 3.23909 21.6529 3.12649C21.5893 3.01389 21.4976 2.91966 21.3868 2.85295C21.276 2.78625 21.1498 2.74933 21.0205 2.7458C20.8912 2.74226 20.7632 2.77222 20.6489 2.83277L16.0552 5.82621C15.8444 5.93766 15.6102 5.99728 15.3718 6.00013C15.1335 6.00298 14.8979 5.94899 14.6845 5.84261Z;
                    M8.2868 20.0486L8.5 6.5M8.2868 20.0486C11.2868 21.0486 11.2868 21.0486 14.7868 22.0486M8.2868 20.0486C4.5 21 4.5 21 2.2868 21.5486L3.7868 7.54862C6.5 7 6.5 7 8.5 6.5M8.5 6.5C11.5 7 11.5 7 14.2868 7.54862M14.7868 22.0486L14.2868 7.54862M14.7868 22.0486C19 20.5 18.7868 20.5486 21.2868 19.5486L18.7868 6.54862C16.5 7 16.5 7 14.2868 7.54862;
                    M7.82278 20.9985C6.19142 20.9986 4.32111 20.9991 2 21L4.78481 7C8.321 7 11.7854 7 14.4051 7M7.82278 20.9985L9.34177 7.3999M7.82278 20.9985C11.1775 20.9981 13.5217 20.9989 16.6978 20.9995M16.6978 20.9995C18.2103 20.9998 19.9114 21 22 21L18.4557 7C17.7322 7 16.2865 7 14.4051 7M16.6978 20.9995L14.4051 7;
                    M7.82278 20.9985C6.19142 20.9986 4.32111 20.9991 2 21L4.78481 7C8.321 7 11.7854 7 14.4051 7M7.82278 20.9985L9.34177 7.3999M7.82278 20.9985C11.1775 20.9981 13.5217 20.9989 16.6978 20.9995M16.6978 20.9995C18.2103 20.9998 19.9114 21 22 21L18.4557 7C17.7322 7 16.2865 7 14.4051 7M16.6978 20.9995L14.4051 7"
                    dur="0.5s"  
                    keyTimes="0;0.1;0.2;1"
                    begin="map.mouseenter"
                    fill="freeze" 
                ></animate>
                <animate
                    attributeName="d"
                    values="
                    M7.82278 20.9985C6.19142 20.9986 4.32111 20.9991 2 21L4.78481 7C8.321 7 11.7854 7 14.4051 7M7.82278 20.9985L9.34177 7.3999M7.82278 20.9985C11.1775 20.9981 13.5217 20.9989 16.6978 20.9995M16.6978 20.9995C18.2103 20.9998 19.9114 21 22 21L18.4557 7C17.7322 7 16.2865 7 14.4051 7M16.6978 20.9995L14.4051 7;
                    M7.82278 20.9985C6.19142 20.9986 4.32111 20.9991 2 21L4.78481 7C8.321 7 11.7854 7 14.4051 7M7.82278 20.9985L9.34177 7.3999M7.82278 20.9985C11.1775 20.9981 13.5217 20.9989 16.6978 20.9995M16.6978 20.9995C18.2103 20.9998 19.9114 21 22 21L18.4557 7C17.7322 7 16.2865 7 14.4051 7M16.6978 20.9995L14.4051 7;
                    M8.2868 20.0486L8.5 6.5M8.2868 20.0486C11.2868 21.0486 11.2868 21.0486 14.7868 22.0486M8.2868 20.0486C4.5 21 4.5 21 2.2868 21.5486L3.7868 7.54862C6.5 7 6.5 7 8.5 6.5M8.5 6.5C11.5 7 11.5 7 14.2868 7.54862M14.7868 22.0486L14.2868 7.54862M14.7868 22.0486C19 20.5 18.7868 20.5486 21.2868 19.5486L18.7868 6.54862C16.5 7 16.5 7 14.2868 7.54862;
                    M15.375 6.00011V21.7501M8.625 2.25011V18.0001M14.6845 5.84261L9.31547 2.40761C9.1019 2.30093 8.86595 2.24677 8.62723 2.24962C8.38852 2.25247 8.15393 2.31226 7.94297 2.42402L2.64891 5.97621C2.52846 6.04001 2.42769 6.13543 2.3574 6.25222C2.28712 6.369 2.24999 6.50272 2.25 6.63902V20.5046C2.24999 20.634 2.28343 20.7611 2.34707 20.8737C2.41071 20.9863 2.50239 21.0806 2.6132 21.1473C2.72402 21.214 2.8502 21.2509 2.97949 21.2544C3.10879 21.258 3.2368 21.228 3.35109 21.1675L7.93641 18.1773C8.14909 18.0646 8.38576 18.0048 8.62644 18.0028C8.86712 18.0009 9.10473 18.0569 9.31922 18.1661L14.5627 21.5879C14.7753 21.6963 15.0107 21.7523 15.2493 21.7514C15.4879 21.7505 15.7229 21.6927 15.9347 21.5828L21.3455 18.0231C21.4674 17.9598 21.5696 17.8643 21.6409 17.7469C21.7123 17.6295 21.75 17.4948 21.75 17.3575V3.49558C21.75 3.36624 21.7166 3.23909 21.6529 3.12649C21.5893 3.01389 21.4976 2.91966 21.3868 2.85295C21.276 2.78625 21.1498 2.74933 21.0205 2.7458C20.8912 2.74226 20.7632 2.77222 20.6489 2.83277L16.0552 5.82621C15.8444 5.93766 15.6102 5.99728 15.3718 6.00013C15.1335 6.00298 14.8979 5.94899 14.6845 5.84261Z"
                    dur="0.5s"
                    keyTimes="0;0.85;0.95;1"
                    begin="map.mouseleave"
                    fill="freeze" 
                ></animate>
            </path>
            <path d="" fill="#303030">
                <animate
                    attributeName="d"
                    values="
                    M12.37 14.23C12.22 14.08 12.01 14 11.8 14C11.59 14 11.38 14.08 11.23 14.23C11.08 14.38 11 14.59 11 14.8C11 15.4 11.8 16 11.8 16C11.8 16 12.6 15.4 12.6 14.8C12.6 14.59 12.52 14.38 12.37 14.23ZM11.8 15.1C11.63 15.1 11.5 14.97 11.5 14.8C11.5 14.63 11.63 14.5 11.8 14.5C11.97 14.5 12.1 14.63 12.1 14.8C12.1 14.97 11.97 15.1 11.8 15.1Z;
                    M13.41 12.59C13.04 12.21 12.53 12 12 12C11.47 12 10.96 12.21 10.59 12.59C10.21 12.96 10 13.47 10 14C10 15.5 12 17 12 17C12 17 14 15.5 14 14C14 13.47 13.79 12.96 13.41 12.59ZM12 14.75C11.59 14.75 11.25 14.41 11.25 14C11.25 13.59 11.59 13.25 12 13.25C12.41 13.25 12.75 13.59 12.75 14C12.75 14.41 12.41 14.75 12 14.75Z;
                    M16.2498 2.76C15.1298 1.63 13.5998 1 12.0098 1C10.4198 1 8.88983 1.63 7.76983 2.76C6.63983 3.88 6.00983 5.41 6.00983 7C6.00983 11.5 12.0098 16 12.0098 16C12.0098 16 18.0098 11.5 18.0098 7C18.0098 5.41 17.3798 3.88 16.2498 2.76ZM12.0098 9.25C10.7698 9.25 9.75983 8.24 9.75983 7C9.75983 5.76 10.7698 4.75 12.0098 4.75C13.2498 4.75 14.2598 5.76 14.2598 7C14.2598 8.24 13.2498 9.25 12.0098 9.25Z"
                    dur="0.5s"      
                    begin="map.mouseenter"
                    fill="freeze" 
                ></animate>
                <animate
                    attributeName="d"
                    values="
                    M16.2498 2.76C15.1298 1.63 13.5998 1 12.0098 1C10.4198 1 8.88983 1.63 7.76983 2.76C6.63983 3.88 6.00983 5.41 6.00983 7C6.00983 11.5 12.0098 16 12.0098 16C12.0098 16 18.0098 11.5 18.0098 7C18.0098 5.41 17.3798 3.88 16.2498 2.76ZM12.0098 9.25C10.7698 9.25 9.75983 8.24 9.75983 7C9.75983 5.76 10.7698 4.75 12.0098 4.75C13.2498 4.75 14.2598 5.76 14.2598 7C14.2598 8.24 13.2498 9.25 12.0098 9.25Z;
                    M13.41 12.59C13.04 12.21 12.53 12 12 12C11.47 12 10.96 12.21 10.59 12.59C10.21 12.96 10 13.47 10 14C10 15.5 12 17 12 17C12 17 14 15.5 14 14C14 13.47 13.79 12.96 13.41 12.59ZM12 14.75C11.59 14.75 11.25 14.41 11.25 14C11.25 13.59 11.59 13.25 12 13.25C12.41 13.25 12.75 13.59 12.75 14C12.75 14.41 12.41 14.75 12 14.75Z;
                    M12.37 14.23C12.22 14.08 12.01 14 11.8 14C11.59 14 11.38 14.08 11.23 14.23C11.08 14.38 11 14.59 11 14.8C11 15.4 11.8 16 11.8 16C11.8 16 12.6 15.4 12.6 14.8C12.6 14.59 12.52 14.38 12.37 14.23ZM11.8 15.1C11.63 15.1 11.5 14.97 11.5 14.8C11.5 14.63 11.63 14.5 11.8 14.5C11.97 14.5 12.1 14.63 12.1 14.8C12.1 14.97 11.97 15.1 11.8 15.1Z;
                    0"
                    dur="0.5s"        
                    begin="map.mouseleave"
                    fill="freeze" 
                ></animate>
            </path>
            <path d="" fill="white">
                <animate
                    attributeName="d"
                    values="
                    M11.8 15.1C11.9657 15.1 12.1 14.9657 12.1 14.8C12.1 14.6343 11.9657 14.5 11.8 14.5C11.6343 14.5 11.5 14.6343 11.5 14.8C11.5 14.9657 11.6343 15.1 11.8 15.1Z;
                    
                    M12.0128 14.75C12.427 14.75 12.7628 14.4142 12.7628 14C12.7628 13.5858 12.427 13.25 12.0128 13.25C11.5986 13.25 11.2628 13.5858 11.2628 14C11.2628 14.4142 11.5986 14.75 12.0128 14.75Z;

                    M12.0026 9.24976C13.2452 9.24976 14.2526 8.2424 14.2526 6.99976C14.2526 5.75712 13.2452 4.74976 12.0026 4.74976C10.7599 4.74976 9.75256 5.75712 9.75256 6.99976C9.75256 8.2424 10.7599 9.24976 12.0026 9.24976Z
                    "
                    dur="0.5s"      
                    begin="map.mouseenter"
                    fill="freeze" 
                ></animate>
                <animate
                    attributeName="d"
                    values="
                    M12.0026 9.24976C13.2452 9.24976 14.2526 8.2424 14.2526 6.99976C14.2526 5.75712 13.2452 4.74976 12.0026 4.74976C10.7599 4.74976 9.75256 5.75712 9.75256 6.99976C9.75256 8.2424 10.7599 9.24976 12.0026 9.24976Z;  
                    M11.8 15.1C11.9657 15.1 12.1 14.9657 12.1 14.8C12.1 14.6343 11.9657 14.5 11.8 14.5C11.6343 14.5 11.5 14.6343 11.5 14.8C11.5 14.9657 11.6343 15.1 11.8 15.1Z"
                    dur="0.2s"      
                    begin="map.mouseleave"
                    fill="freeze" 
                ></animate>
            </path>
        </svg>

                
        <!-- Иконка карты через animate-->

 
</body>
</html>